Solution tsp101 :
    Avec une liste tabou de taille 5 :
      Avec un nombre maximal de déplacements 1: 
        [32, 92, 67, 29, 100, 101, 59, 26, 1, 2, 5, 11, 76, 87, 94, 12, 42, 63, 43, 77, 25, 35, 37, 49, 19, 54, 70, 6, 85, 45, 3, 73, 46, 16, 28, 22, 14, 18, 47, 7, 13, 99, 4, 84, 52, 8, 10, 17, 41, 55, 80, 36, 60, 57, 61, 40, 96, 97, 88, 78, 91, 75, 23, 34, 69, 66, 48, 24, 79, 64, 21, 58, 71, 68, 90, 72, 9, 39, 44, 95, 81, 83, 33, 30, 38, 62, 74, 65, 56, 27, 86, 31, 53, 98, 89, 15, 93, 20, 51, 50, 82](distance= 4260.20)
      Avec un nombre maximal de déplacements 10: 
        [66, 83, 89, 81, 90, 22, 61, 57, 52, 63, 84, 58, 98, 25, 86, 33, 34, 35, 29, 65, 1, 13, 12, 72, 55, 41, 3, 18, 82, 39, 101, 7, 67, 50, 20, 59, 49, 19, 75, 53, 56, 62, 8, 100, 92, 68, 26, 24, 21, 76, 74, 44, 42, 40, 73, 94, 5, 80, 99, 37, 46, 88, 78, 36, 31, 96, 43, 97, 28, 95, 38, 45, 54, 16, 48, 69, 47, 9, 2, 4, 10, 87, 77, 85, 64, 32, 91, 71, 6, 14, 60, 51, 93, 17, 11, 79, 70, 15, 23, 27, 30](distance= 3037.73)
      Avec un nombre maximal de déplacements 100: 
        [76, 83, 54, 99, 89, 61, 79, 18, 17, 16, 48, 15, 13, 12, 11, 10, 53, 100, 57, 96, 93, 95, 97, 55, 94, 72, 73, 39, 45, 44, 41, 37, 36, 38, 40, 43, 35, 33, 31, 34, 77, 90, 29, 27, 28, 30, 32, 51, 68, 42, 2, 3, 101, 71, 62, 82, 92, 20, 19, 49, 22, 24, 75, 59, 78, 26, 50, 21, 84, 66, 70, 56, 7, 8, 5, 46, 4, 6, 47, 9, 80, 74, 14, 88, 98, 60, 87, 58, 65, 52, 64, 86, 85, 63, 81, 69, 1, 91, 67, 23, 25](distance= 1092.75)
    Avec une liste tabou de taille 10 :
      Avec un nombre maximal de déplacements 1: 
        [86, 8, 45, 51, 37, 4, 47, 7, 36, 34, 27, 89, 22, 29, 41, 80, 63, 26, 68, 35, 52, 84, 82, 79, 83, 90, 1, 76, 100, 43, 31, 78, 10, 77, 48, 16, 75, 58, 30, 72, 40, 69, 71, 99, 57, 23, 60, 38, 54, 56, 85, 44, 5, 39, 97, 15, 46, 66, 49, 92, 9, 59, 33, 2, 61, 70, 21, 67, 42, 24, 55, 32, 28, 91, 12, 87, 88, 74, 65, 62, 73, 17, 53, 96, 20, 19, 11, 94, 93, 3, 6, 13, 18, 25, 95, 101, 64, 50, 14, 81, 98](distance= 4103.92)
      Avec un nombre maximal de déplacements 10: 
        [26, 76, 87, 58, 60, 17, 3, 38, 37, 41, 36, 43, 100, 78, 16, 1, 12, 39, 62, 75, 93, 79, 71, 99, 63, 69, 89, 96, 20, 24, 52, 30, 29, 35, 28, 95, 55, 97, 56, 8, 88, 84, 70, 9, 74, 80, 91, 61, 54, 65, 72, 19, 94, 68, 92, 64, 73, 27, 32, 11, 6, 2, 45, 48, 53, 25, 14, 81, 86, 23, 47, 13, 85, 51, 77, 50, 22, 42, 44, 40, 4, 101, 7, 46, 57, 90, 49, 34, 21, 98, 18, 5, 83, 31, 33, 82, 67, 66, 59, 10, 15](distance= 3062.47)
      Avec un nombre maximal de déplacements 100: 
        [76, 49, 19, 94, 38, 37, 36, 35, 31, 33, 51, 63, 48, 18, 17, 16, 14, 87, 53, 54, 7, 47, 6, 46, 5, 57, 64, 86, 95, 97, 82, 1, 61, 79, 74, 80, 9, 8, 81, 92, 93, 96, 68, 72, 73, 42, 40, 43, 62, 69, 71, 2, 4, 3, 101, 91, 67, 84, 100, 66, 55, 45, 44, 41, 39, 32, 30, 28, 27, 29, 34, 90, 77, 50, 21, 23, 25, 65, 85, 52, 20, 22, 24, 26, 58, 83, 99, 70, 56, 89, 13, 15, 12, 11, 10, 88, 75, 78, 59, 60, 98](distance= 1288.26)
    Avec une liste tabou de taille 20 :
      Avec un nombre maximal de déplacements 1: 
        [9, 16, 38, 54, 15, 7, 32, 25, 75, 100, 22, 67, 63, 60, 58, 82, 71, 96, 41, 59, 29, 45, 52, 8, 12, 87, 28, 31, 34, 33, 50, 85, 11, 69, 47, 3, 53, 35, 23, 27, 48, 44, 5, 17, 74, 26, 95, 99, 55, 46, 37, 65, 20, 73, 91, 18, 66, 4, 70, 30, 78, 62, 56, 86, 51, 61, 21, 89, 72, 49, 40, 93, 36, 80, 42, 24, 84, 64, 57, 1, 2, 81, 39, 13, 88, 90, 68, 97, 14, 19, 92, 101, 43, 98, 76, 83, 6, 77, 79, 94, 10](distance= 4509.19)
      Avec un nombre maximal de déplacements 10: 
        [17, 64, 85, 96, 52, 97, 43, 37, 51, 33, 66, 13, 61, 70, 35, 40, 38, 1, 34, 29, 21, 88, 98, 83, 12, 99, 87, 14, 74, 69, 77, 49, 53, 73, 32, 79, 101, 2, 42, 25, 90, 65, 92, 81, 93, 62, 55, 63, 94, 50, 20, 19, 57, 22, 30, 41, 82, 75, 76, 58, 60, 78, 16, 15, 18, 48, 10, 59, 89, 11, 7, 6, 46, 54, 91, 4, 3, 72, 28, 27, 68, 71, 100, 39, 36, 44, 84, 26, 86, 67, 45, 5, 9, 47, 56, 31, 24, 23, 95, 8, 80](distance= 3020.85)
      Avec un nombre maximal de déplacements 100: 
        [59, 60, 98, 14, 10, 88, 87, 58, 84, 86, 64, 34, 33, 68, 81, 66, 67, 52, 77, 90, 50, 21, 95, 94, 42, 40, 39, 73, 28, 27, 29, 31, 85, 11, 16, 17, 18, 48, 47, 46, 5, 7, 61, 54, 13, 12, 15, 79, 9, 6, 4, 2, 72, 30, 32, 35, 51, 63, 96, 93, 92, 57, 65, 23, 25, 20, 19, 49, 22, 24, 26, 78, 75, 53, 100, 83, 91, 1, 82, 69, 56, 89, 99, 70, 97, 55, 62, 101, 71, 43, 45, 38, 36, 37, 41, 44, 3, 8, 80, 74, 76](distance= 1206.35)
    Avec une liste tabou de taille 50 :
      Avec un nombre maximal de déplacements 1: 
        [39, 37, 96, 66, 57, 82, 24, 15, 65, 34, 11, 20, 32, 52, 72, 85, 2, 61, 43, 81, 54, 79, 30, 41, 86, 46, 16, 50, 60, 92, 78, 51, 87, 101, 73, 36, 38, 70, 95, 56, 42, 27, 47, 89, 80, 17, 23, 75, 40, 1, 35, 14, 67, 55, 74, 7, 45, 83, 44, 97, 12, 3, 62, 76, 99, 22, 18, 5, 98, 68, 58, 26, 71, 93, 100, 31, 84, 88, 69, 9, 13, 63, 77, 49, 53, 4, 48, 90, 33, 59, 8, 91, 28, 64, 94, 6, 21, 10, 19, 25, 29](distance= 4517.67)
      Avec un nombre maximal de déplacements 10: 
        [78, 76, 88, 11, 12, 89, 71, 38, 69, 21, 92, 93, 51, 91, 4, 2, 79, 87, 25, 33, 96, 28, 35, 31, 30, 55, 62, 23, 57, 1, 3, 48, 18, 77, 32, 29, 34, 27, 44, 70, 61, 5, 73, 42, 68, 84, 54, 67, 10, 9, 82, 17, 16, 99, 56, 6, 97, 50, 53, 58, 22, 60, 24, 86, 64, 75, 90, 19, 72, 8, 15, 26, 49, 20, 95, 37, 45, 83, 81, 100, 94, 63, 52, 85, 65, 98, 59, 101, 41, 39, 36, 43, 40, 66, 13, 14, 80, 46, 47, 74, 7](distance= 2776.36)
      Avec un nombre maximal de déplacements 100: 
        [98, 60, 6, 4, 2, 43, 42, 73, 86, 64, 33, 31, 29, 27, 28, 30, 32, 72, 46, 5, 71, 97, 94, 95, 96, 85, 52, 21, 65, 57, 92, 83, 48, 18, 80, 8, 7, 3, 101, 56, 69, 62, 40, 41, 37, 36, 38, 39, 55, 81, 93, 68, 63, 51, 35, 34, 90, 77, 75, 88, 10, 11, 12, 13, 15, 79, 74, 61, 25, 19, 49, 22, 24, 20, 50, 23, 87, 14, 17, 16, 100, 84, 67, 70, 99, 54, 89, 9, 47, 44, 45, 82, 1, 91, 66, 53, 58, 26, 78, 59, 76](distance= 1258.69)
    Avec une liste tabou de taille 100 :
      Avec un nombre maximal de déplacements 1: 
        [41, 46, 2, 97, 34, 61, 95, 36, 6, 101, 5, 28, 81, 47, 74, 39, 32, 57, 94, 3, 22, 65, 83, 71, 18, 40, 4, 51, 24, 1, 87, 9, 89, 77, 85, 26, 69, 91, 66, 52, 70, 45, 62, 37, 99, 73, 29, 31, 42, 76, 15, 16, 21, 79, 13, 35, 53, 12, 14, 63, 49, 20, 27, 25, 72, 90, 58, 60, 56, 44, 67, 100, 7, 54, 23, 92, 68, 43, 11, 50, 78, 98, 48, 59, 82, 75, 55, 86, 8, 96, 10, 64, 80, 17, 93, 84, 88, 33, 38, 19, 30](distance= 4337.11)
      Avec un nombre maximal de déplacements 10: 
        [100, 98, 57, 27, 33, 94, 22, 84, 51, 16, 88, 6, 70, 42, 39, 45, 1, 83, 67, 77, 90, 52, 63, 19, 96, 30, 35, 40, 4, 9, 80, 74, 13, 18, 14, 21, 91, 93, 50, 26, 95, 68, 85, 23, 53, 64, 24, 2, 7, 78, 87, 25, 69, 37, 41, 62, 97, 38, 29, 34, 28, 32, 61, 3, 99, 65, 75, 81, 10, 59, 66, 72, 55, 48, 56, 47, 11, 17, 58, 20, 76, 60, 15, 12, 82, 43, 71, 92, 46, 54, 101, 5, 36, 44, 8, 89, 79, 73, 31, 86, 49](distance= 2961.66)
      Avec un nombre maximal de déplacements 100: 
        [76, 51, 35, 32, 30, 43, 45, 2, 6, 4, 44, 41, 37, 36, 38, 55, 82, 56, 101, 71, 3, 5, 46, 47, 9, 80, 74, 79, 61, 89, 70, 91, 1, 99, 54, 11, 12, 14, 16, 17, 18, 48, 15, 25, 23, 34, 33, 31, 29, 27, 28, 75, 60, 88, 87, 53, 81, 97, 95, 93, 92, 66, 83, 100, 58, 20, 19, 49, 22, 24, 26, 50, 21, 84, 69, 62, 42, 40, 39, 73, 72, 94, 68, 63, 96, 57, 67, 65, 85, 52, 86, 64, 90, 77, 78, 59, 10, 8, 7, 13, 98](distance= 1234.10)
