Date: 2025-03-10T19:56:05.801709
Raw data file: example_abdominal_wall_data
Info: Beamformed image using Tx Rx windowed Radon SVD correction and GPU

Window_type: Tukey
angles_tx_raw : [-0.49741884 -0.48869219 -0.47996554 -0.4712389  -0.46251225 -0.45378561
 -0.44505896 -0.43633231 -0.42760567 -0.41887902 -0.41015237 -0.40142573
 -0.39269908 -0.38397244 -0.37524579 -0.36651914 -0.3577925  -0.34906585
 -0.3403392  -0.33161256 -0.32288591 -0.31415927 -0.30543262 -0.29670597
 -0.28797933 -0.27925268 -0.27052603 -0.26179939 -0.25307274 -0.2443461
 -0.23561945 -0.2268928  -0.21816616 -0.20943951 -0.20071286 -0.19198622
 -0.18325957 -0.17453293 -0.16580628 -0.15707963 -0.14835299 -0.13962634
 -0.13089969 -0.12217305 -0.1134464  -0.10471976 -0.09599311 -0.08726646
 -0.07853982 -0.06981317 -0.06108652 -0.05235988 -0.04363323 -0.03490659
 -0.02617994 -0.01745329 -0.00872665  0.          0.00872665  0.01745329
  0.02617994  0.03490659  0.04363323  0.05235988  0.06108652  0.06981317
  0.07853982  0.08726646  0.09599311  0.10471976  0.1134464   0.12217305
  0.13089969  0.13962634  0.14835299  0.15707963  0.16580628  0.17453293
  0.18325957  0.19198622  0.20071286  0.20943951  0.21816616  0.2268928
  0.23561945  0.2443461   0.25307274  0.26179939  0.27052603  0.27925268
  0.28797933  0.29670597  0.30543262  0.31415927  0.32288591  0.33161256
  0.3403392   0.34906585  0.3577925   0.36651914  0.37524579  0.38397244
  0.39269908  0.40142573  0.41015237  0.41887902  0.42760567  0.43633231
  0.44505896  0.45378561  0.46251225  0.4712389   0.47996554  0.48869219
  0.49741884]
angle_downsample_factor : 10
angle_downsample_start : 17
angles_tx : [-0.34906585 -0.26179939 -0.17453293 -0.08726646  0.          0.08726646
  0.17453293  0.26179939  0.34906585]
window_radius : 0.002
delta_lambda_fraction : 8
angle_rx_max : 0.6283185307179586
angular_resolution_upsampling : 2
tx_dominates : False
t_coord : [-7.0560e-06 -7.0080e-06 -6.9600e-06 ...  9.7968e-05  9.8016e-05
  9.8064e-05]
c0 : 1540.0
f0 : 5208333.333333333
lambda0 : 0.00029568000000000004
angles_mid : [-0.47996554 -0.45814893 -0.43633231 -0.4145157  -0.39269908 -0.37088247
 -0.34906585 -0.32724923 -0.30543262 -0.283616   -0.26179939 -0.23998277
 -0.21816616 -0.19634954 -0.17453293 -0.15271631 -0.13089969 -0.10908308
 -0.08726646 -0.06544985 -0.04363323 -0.02181662  0.          0.02181662
  0.04363323  0.06544985  0.08726646  0.10908308  0.13089969  0.15271631
  0.17453293  0.19634954  0.21816616  0.23998277  0.26179939  0.283616
  0.30543262  0.32724923  0.34906585  0.37088247  0.39269908  0.4145157
  0.43633231  0.45814893  0.47996554]
x_size_beam : 1150
z_size_beam : 1300
reg_param : 1
min_z_beam : 0.0005
max_angle : 0.7330382858376184
tukey_angle : 0.25
x_coord_beam : [-0.02123352 -0.02119656 -0.0211596  ...  0.0211596   0.02119656
  0.02123352]
z_coord_beam : [0.0005     0.00053696 0.00057392 ... 0.04843712 0.04847408 0.04851104]
window_tukey_cosine_fraction : 0.5
out_n_iter : 10
thread_number : 256
x_size_batch : 1
